Marked numbers used as evaluation split, other for training

Split 1:
3
6
16
38
45
57
58
60
71
79
93
94
95
100
102
104
107
109
114
116
117
120
123
125
129
132
134
137
138
149
150
151
152
162
163
176
178
193
194
198

Split 2:
1
4
5
9
10
11
15
17
19
26
27
36
59
63
66
72
76
91
96
105
106
115
121
124
126
131
135
140
143
145
146
153
155
165
168
173
175
184
185
195

Split 3:
0
7
8
13
18
22
23
37
42
44
46
48
49
50
51
55
74
80
83
85
87
90
92
99
119
122
136
144
147
148
156
159
161
164
170
171
186
189
196
197

Split 4:
2
14
29
30
31
33
40
41
43
52
53
56
62
75
77
78
82
88
89
97
98
101
110
112
113
118
139
141
157
158
160
166
169
172
177
183
188
191
192
199

Split 5:
12
20
21
24
25
28
32
34
35
39
47
54
61
64
65
67
68
69
70
73
81
84
86
103
108
111
127
128
130
133
142
154
167
174
179
180
181
182
187
190
